1000 0.001000
2000 0.004000
3000 0.009000
4000 0.017000
5000 0.026000
6000 0.038000
7000 0.057000
8000 0.070000
9000 0.089000
10000 0.104000
11000 0.127000
12000 0.152000
13000 0.188000
14000 0.207000
15000 0.242000
16000 0.284000
17000 0.347000
18000 0.377000
19000 0.407000
20000 0.459000
21000 0.538000
22000 0.589000
23000 0.654000
24000 0.735000
25000 0.817000
26000 0.884000
27000 0.986000
28000 1.067000
29000 1.174000
30000 1.201000
31000 1.391000
32000 1.554000
33000 1.656000
34000 1.745000
35000 1.838000
36000 1.996000
37000 2.114000
38000 2.298000
39000 2.439000
40000 2.566000
41000 2.693000
42000 2.892000
43000 3.063000
44000 3.222000
45000 3.371000
46000 3.563000
47000 3.735000
48000 3.858000
49000 4.047000
50000 4.352000
51000 4.463000
52000 4.618000
53000 4.923000
54000 5.197000
55000 5.384000
56000 5.603000
57000 5.768000
58000 6.022000
59000 6.247000
60000 6.439000
61000 6.734000
62000 6.988000
63000 7.224000
64000 7.428000
65000 7.689000
66000 7.976000
67000 8.246000
68000 8.429000
69000 8.735000
70000 9.021000
71000 9.264000
72000 9.611000
73000 9.851000
74000 10.174000
75000 10.385000
76000 10.756000
77000 11.029000
78000 11.288000
79000 12.161000
80000 12.244000
81000 12.575000
82000 12.745000
83000 13.288000
84000 13.470000
85000 14.080000
86000 14.236000
87000 14.566000
88000 17.043000
89000 15.198000
90000 15.419000
91000 15.530000
92000 15.885000
93000 16.267000
94000 16.610000
95000 16.896000
96000 17.423000
97000 17.678000
98000 18.494000
99000 18.662000
100000 19.192000
