1000 0.001000
2000 0.000000
3000 0.004000
4000 0.007000
5000 0.009000
6000 0.015000
7000 0.019000
8000 0.023000
9000 0.031000
10000 0.040000
11000 0.045000
12000 0.050000
13000 0.062000
14000 0.074000
15000 0.085000
16000 0.097000
17000 0.111000
18000 0.125000
19000 0.138000
20000 0.159000
21000 0.175000
22000 0.194000
23000 0.207000
24000 0.232000
25000 0.250000
26000 0.287000
27000 0.290000
28000 0.315000
29000 0.336000
30000 0.361000
31000 0.381000
32000 0.414000
33000 0.449000
34000 0.467000
35000 0.496000
36000 0.533000
37000 0.547000
38000 0.580000
39000 0.610000
40000 0.650000
41000 0.680000
42000 0.703000
43000 0.739000
44000 0.788000
45000 0.814000
46000 0.860000
47000 0.906000
48000 0.960000
49000 0.988000
50000 1.021000
51000 1.061000
52000 1.106000
53000 1.144000
54000 1.199000
55000 1.232000
56000 1.275000
57000 1.337000
58000 1.371000
59000 1.428000
60000 1.468000
61000 1.512000
62000 1.546000
63000 1.599000
64000 1.662000
65000 1.696000
66000 1.763000
67000 1.813000
68000 1.875000
69000 1.931000
70000 2.003000
71000 2.048000
72000 2.111000
73000 2.177000
74000 2.241000
75000 2.297000
76000 2.317000
77000 2.415000
78000 2.475000
79000 2.548000
80000 2.582000
81000 2.651000
82000 2.718000
83000 2.806000
84000 2.867000
85000 2.950000
86000 3.003000
87000 3.083000
88000 3.167000
89000 3.236000
90000 3.308000
91000 3.401000
92000 3.449000
93000 3.536000
94000 3.585000
95000 3.664000
96000 3.766000
97000 3.841000
98000 3.919000
99000 3.972000
100000 4.059000
