1000 0.001000
2000 0.003000
3000 0.005000
4000 0.008000
5000 0.014000
6000 0.020000
7000 0.030000
8000 0.038000
9000 0.042000
10000 0.052000
11000 0.063000
12000 0.074000
13000 0.088000
14000 0.100000
15000 0.116000
16000 0.131000
17000 0.160000
18000 0.166000
19000 0.187000
20000 0.207000
21000 0.226000
22000 0.250000
23000 0.279000
24000 0.301000
25000 0.322000
26000 0.352000
27000 0.377000
28000 0.418000
29000 0.437000
30000 0.477000
31000 0.515000
32000 0.561000
33000 0.574000
34000 0.594000
35000 0.647000
36000 0.676000
37000 0.711000
38000 0.759000
39000 0.790000
40000 0.824000
41000 0.875000
42000 0.910000
43000 0.975000
44000 0.997000
45000 1.071000
46000 1.098000
47000 1.149000
48000 1.224000
49000 1.240000
50000 1.288000
51000 1.336000
52000 1.439000
53000 1.467000
54000 1.526000
55000 1.588000
56000 1.650000
57000 1.693000
58000 1.753000
59000 1.823000
60000 1.875000
61000 1.939000
62000 2.003000
63000 2.068000
64000 2.143000
65000 2.220000
66000 2.288000
67000 2.344000
68000 2.411000
69000 2.496000
70000 2.565000
71000 2.638000
72000 2.704000
73000 2.777000
74000 2.856000
75000 2.940000
76000 3.022000
77000 3.088000
78000 3.172000
79000 3.385000
80000 3.512000
81000 3.565000
82000 3.611000
83000 3.747000
84000 3.847000
85000 4.112000
86000 4.034000
87000 4.183000
88000 4.156000
89000 4.332000
90000 4.263000
91000 4.324000
92000 4.448000
93000 4.465000
94000 4.598000
95000 4.686000
96000 4.925000
97000 4.949000
98000 5.136000
99000 5.270000
100000 5.365000
